Pentru F=1000Hz si fNq=22050
Numerator:
Numerator[0]= 0.958216646376661040918065737059805542231
Numerator[1]=-1.897014980249072779727725901466328650713
Numerator[2]= 0.958216646376661040918065737059805542231

Denominator:
Denominator[0]=1
Denominator[1]=-1.897014980249072779727725901466328650713
Denominator[2]= 0.916433292753322081836131474119611084461

